100017
100018
100019
100020
100021
100022
100023
100024
100025
100026
100027
100028
100029
100030
100031
100032
100033
100034
100035
100036
100037
100038
100039
100040
100041
100042
100043
100044
100045
100046
100047
100048
100049
100050
100051
100052
100053
100054
100055
100056
100057
100058
100059
100060
100061
100062
100063
100064
100065
100066
100067
100068
100069
1286479
1286480
1286481
1286482
1286483
1286484
1286485
1286486
1286487
1286488
1286489
1286490
1286491
1768457
1768458
1768459
1768460
1768461
1768462
1768463
1768464
1768465
1768466
1768467
1768468
1768469
1768470
1768471
1768472
1768473
1768474
1768475
1768476
1768477
1768478
1768479
1768480
1768481
1768482
1768483
1768484
1768485
1768486
1768487
1768488
1768489
1768490
1768491
1768492
1768493
1768494
1768495
1768496
1768497
1768498
1768499
1768500
1768501
1768502
1768503
1768504
1768505
1768506
1768507
1768508
1768509
1768510
1768511
1768512
1768513
1768514
1768515
1768516
1769199
1769201
1769202
1769203
1769204
1769208
1769209
1769210
1769211
1769212
1769213
1769215
1769217
1769220
1769222
1769223
1769224
1769231
1769232
1769234
1769237
1769240
1769242
1769245
1769249
1769250
1769252
1769253
1769254
1769256
1769258
1769259
1769261
1769262
1769263
1769264
1769265
1769266
1769267
1769268
1769272
1769273
1769274
1769276
1769280
1769281
1769282
1769285
1769288
1769289
1769290
1769292
1769293
1769294
1769295
1769296
1769297
1769300
1769301
1769303
1769304
1769305
1769306
1769307
1769308
1769309
1769310
1769314
1769316
1769317
1769318
1769321
1769322
1769325
1769329
1769330
1769331
1769333
1769334
1769335
1769336
1769338
1769339
1769340
1769342
1769343
1769349
1769352
1769355
1769356
1769358
1769359
1769360
1769362
1769365
1769366
1769367
1769368
1769369
1769370
1769373
1769374
1769375
1769376
1769379
1769380
1769381
1769382
1769385
1769386
1769387
1769388
1769389
1769390
1769391
1769393
1769394
1769398
1769399
1769400
1769401
1769403
1769408
1769409
1769410
1769412
1769413
1769414
1769418
1769422
1769423
1769424
1769428
2152005
2152006
2152007
2152008
2152009
2152010
2152011
2152012
2152013
2152014
2152015
2152016
2152017
2336230
2336231
2336232
2336233
2336234
2336235
2336236
2336237
2336238
2336239
2336240
2336241
2336242
2336243
2336244
2336245
2336246
2336247
2336248
2336249
2336250
2336251
2336252
2336253
2336254
2336255
2336256
2336257
2336258
2336259
2336260
2336261
2336262
2336263
2336264
2336265
2336266
2336267
2336268
2336269
2336270
2336271
2336272
2336273
2336274
2336275
2336276
2336277
2336278
2336279
2336280
2336281
2336282
2336283
2336284
2336285
2336286
2336287
2336288
2336289
2336290
2336291
2336292
2336293
2336294
2336295
2336296
2336297
2336298
2336299
2336300
2336301
2336302
2336303
2336304
2336305
2336306
2336307
2336308
2336309
2336310
2336311
2336312
2336313
2336314
2336315
2336316
2336317
2336318
2336319
2336320
2336321
2336322
2336323
2336324
2336325
2336326
2336327
2336328
2336329