00000001 1
00000010 2
00000011 1
00000100 3
00000101 2
00000110 3
00000111 2
00001000 4
00001001 1
00001010 1
00001011 1
00001100 1
00001101 1
00001110 1
00001111 1
00010000 6
00010001 3
00010010 3
00010011 3
00010100 3
00010101 3
00010110 3
00010111 3
00011000 2
00011001 1
00011010 2
00011011 2
00011100 3
00011101 2
00011110 2
00011111 2
00100000 7
00100001 4
00100010 1
00100011 1
00100100 1
00100101 1
00100110 1
00100111 1
00101000 7
00101001 4
00101010 1
00101011 1
00101100 1
00101101 1
00101110 1
00101111 1
00110000 9
00110001 1
00110010 1
00110011 1
00110100 9
00110101 1
00110110 1
00110111 1
00111000 7
00111001 1
00111010 1
00111011 1
00111100 1
00111101 1
00111110 1
00111111 1
01000000 8
01000001 7
01000010 4
01000011 1
01000100 9
01000101 6
01000110 3
01000111 3
01001000 7
01001001 7
01001010 4
01001011 1
01001100 1
01001101 1
01001110 1
01001111 1
01010000 9
01010001 3
01010010 3
01010011 3
01010100 9
01010101 3
01010110 3
01010111 3
01011000 7
01011001 7
01011010 
01011011 
01011100 9
01011101 8
01011110 
01011111 
01100000 7
01100001 7
01100010 7
01100011 7
01100100 9
01100101 1
01100110 1
01100111 1
01101000 7
01101001 7
01101010 1
01101011 1
01101100 1
01101101 1
01101110 1
01101111 1
01110000 9
01110001 7
01110010 9
01110011 6
01110100 9
01110101 6
01110110 9
01110111 6
01111000 7
01111001 7
01111010 
01111011 
01111100 9
01111101 8
01111110 
01111111 
10000000 9
10000001 3
10000010 3
10000011 3
10000100 6
10000101 3
10000110 3
10000111 3
10001000 7
10001001 7
10001010 3
10001011 3
10001100 3
10001101 3
10001110 3
10001111 3
10010000 9
10010001 3
10010010 3
10010011 3
10010100 6
10010101 3
10010110 3
10010111 3
10011000 9
10011001 3
10011010 3
10011011 3
10011100 3
10011101 3
10011110 3
10011111 3
10100000 8
10100001 7
10100010 7
10100011 7
10100100 9
10100101 
10100110 9
10100111 2
10101000 7
10101001 7
10101010 7
10101011 7
10101100 9
10101101 4
10101110 2
10101111 2
10110000 9
10110001 7
10110010 9
10110011 2
10110100 9
10110101 6
10110110 9
10110111 2
10111000 8
10111001 7
10111010 2
10111011 2
10111100 9
10111101 8
10111110 2
10111111 2
11000000 9
11000001 7
11000010 9
11000011 7
11000100 9
11000101 3
11000110 3
11000111 3
11001000 7
11001001 7
11001010 7
11001011 7
11001100 9
11001101 4
11001110 4
11001111 4
11010000 9
11010001 3
11010010 3
11010011 3
11010100 9
11010101 3
11010110 6
11010111 3
11011000 8
11011001 7
11011010 
11011011 
11011100 9
11011101 8
11011110 
11011111 
11100000 8
11100001 7
11100010 7
11100011 7
11100100 9
11100101 8
11100110 9
11100111 4
11101000 7
11101001 7
11101010 7
11101011 7
11101100 9
11101101 4
11101110 4
11101111 4
11110000 9
11110001 7
11110010 6
11110011 6
11110100 9
11110101 6
11110110 9
11110111 6
11111000 8
11111001 7
11111010 
11111011 
11111100 9
11111101 8
11111110 
